                               
-0.000202156825977235034058274165680302303
 0                                        
 0.001073186447636670197425257100576345692
 0                                        
-0.003571872372147174429235505499491409864
 0                                        
 0.009288418679468342376015499439745326526
 0                                        
-0.020783411233019910557828779928968288004
 0                                        
 0.043074347359885543917723538243080838583
 0                                        
-0.09236378845321148445268732984914095141 
 0                                        
 0.313475433755519117262622330599697306752
 0.5                                      
 0.313475433755519117262622330599697306752
 0                                        
-0.09236378845321148445268732984914095141 
 0                                        
 0.043074347359885543917723538243080838583
 0                                        
-0.020783411233019910557828779928968288004
 0                                        
 0.009288418679468342376015499439745326526
 0                                        
-0.003571872372147174429235505499491409864
 0                                        
 0.001073186447636670197425257100576345692
 0                                        
-0.000202156825977235034058274165680302303

                                         

